BLOCK	22	3075	1	56	0.0	471|Gorai.006G256000.2|
VAR_POS_22	22	1	1	0	0	0
VAR_POS_32	32	2	0	1	0	0
VAR_POS_138	138	3	1	0	0	0
VAR_POS_270	270	4	1	1	0	0
VAR_POS_329	329	5	0	1	0	0
VAR_POS_441	441	6	0	0	1	1
VAR_POS_458	458	7	0	1	0	0
VAR_POS_509	509	8	0	0	1	1
VAR_POS_538	538	9	1	0	1	1
VAR_POS_560	560	10	1	0	1	1
VAR_POS_589	589	11	0	1	1	1
VAR_POS_726	726	12	0	0	1	1
VAR_POS_834	834	13	0	0	1	1
VAR_POS_835	835	14	0	1	1	1
VAR_POS_845	845	15	0	1	0	0
VAR_POS_919	919	16	1	0	0	0
VAR_POS_947	947	17	0	0	1	1
VAR_POS_958	958	18	0	0	1	1
VAR_POS_961	961	19	1	0	0	0
VAR_POS_1021	1021	20	0	0	1	1
VAR_POS_1119	1119	21	0	0	1	0
VAR_POS_1163	1163	24	1	1	1	0
VAR_POS_1224	1224	25	0	0	1	1
VAR_POS_1345	1345	27	1	1	0	0
VAR_POS_1443	1443	28	0	1	1	0
VAR_POS_1478	1478	29	0	1	0	0
VAR_POS_1520	1520	30	0	0	1	1
VAR_POS_1557	1557	31	0	0	1	1
VAR_POS_1818	1818	32	0	0	1	1
VAR_POS_1958	1958	33	0	0	1	1
VAR_POS_2053	2053	34	1	0	0	0
VAR_POS_2054	2054	35	1	0	0	0
VAR_POS_2066	2066	36	0	1	0	0
VAR_POS_2098	2098	37	0	1	1	1
VAR_POS_2162	2162	38	1	0	0	0
VAR_POS_2186	2186	39	1	0	0	0
VAR_POS_2221	2221	40	1	1	0	0
VAR_POS_2232	2232	41	1	1	0	0
VAR_POS_2257	2257	42	1	1	0	0
VAR_POS_2330	2330	43	0	1	1	1
VAR_POS_2336	2336	44	1	1	0	0
VAR_POS_2348	2348	45	1	0	1	1
VAR_POS_2489	2489	48	0	1	0	0
VAR_POS_2494	2494	49	1	1	0	0
VAR_POS_2600	2600	50	0	1	0	0
VAR_POS_2663	2663	51	1	0	0	0
VAR_POS_2848	2848	52	1	1	1	0
VAR_POS_3018	3018	53	0	1	1	0
VAR_POS_3046	3046	54	0	1	1	0
VAR_POS_3070	3070	55	0	1	1	0
VAR_POS_3075	3075	56	1	0	0	0

